0.1 2.6195166564973857e-14
0.2 4.985208285533216e-13
0.30000000000000004 9.015033499804036e-12
0.4 1.6257564775531829e-10
0.5 2.9311616412396504e-09
0.6 5.276434684016618e-08
0.7000000000000001 9.242160588682128e-07
0.8 1.1660486854193272e-05
0.9 5.3059361442292615e-05
1.0 0.0001163957300185073
1.1 0.00018880783508242588
1.2000000000000002 0.0002655134492476119
1.3000000000000003 0.0003446284605215445
1.4000000000000001 0.00042526362948326786
1.5000000000000002 0.0005069380016245257
1.6 0.0005893647368111561
1.7000000000000002 0.0006723599752126433
1.8000000000000003 0.0007557992057482283
1.9000000000000001 0.00083959439019415
2.0 0.0009236810803628471
2.1 0.0010080107333266192
2.2 0.0010925459057352315
2.3000000000000003 0.001177257127808623
2.4000000000000004 0.0012621208009485929
2.5000000000000004 0.001347117742760509
2.6 0.0014322321548537733
2.7 0.0015174508745235597
2.8000000000000003 0.0016027628217652064
2.9000000000000004 0.0016881585836315376
3.0000000000000004 0.0017736300970388151
3.1 0.0018591704033714836
3.2 0.0019447734562726665
3.3000000000000003 0.002030433969392875
3.4000000000000004 0.002116147294547856
3.5000000000000004 0.00220190932329193
3.6 0.0022877164067176443
3.7 0.0023735652895838216
3.8000000000000003 0.0024594530558118754
3.9000000000000004 0.0025453770830789284
4.0 0.0026313350047475295
4.1 0.002717324677756857
4.2 0.0028033441553905053
4.3 0.0028893916640602177
4.3999999999999995 0.0029754655834159515
4.5 0.0030615644292274207
4.6 0.0031476868385868165
4.7 0.0032338315570655998
4.8 0.0033199974275240434
4.9 0.0034061833803251634
5.0 0.0034923884247468496
